Measurement	Well	OCR	worm_num	label	norm
1	2	186.6816055	30	swip10	6.222720183333333
2	2	208.7492648	30	swip10	6.958308826666666
3	2	96.00398268	30	swip10	3.200132756
4	2	218.8853677	30	swip10	7.296178923333333
5	2	169.9544876	30	swip10	5.665149586666667
6	2	102.2245895	30	swip10	3.4074863166666662
7	2	151.1612206	30	swip10	5.038707353333334
8	2	641.7854773	30	swip10	21.392849243333334
9	2	459.0602346	30	swip10	15.30200782
10	2	759.4921458	30	swip10	25.31640486
11	2	1648.034304	30	swip10	54.9344768
12	2	1512.881949	30	swip10	50.4293983
13	2	1124.871144	30	swip10	37.4957048
14	2	867.8326482	30	swip10	28.92775494
15	2	58.83007115	30	swip10	1.9610023716666667
16	2	95.29440469	30	swip10	3.176480156333333
17	2	133.5021489	30	swip10	4.45007163
18	2	156.0733187	30	swip10	5.2024439566666665
1	3	611.395404	62	N2	9.861216193548387
2	3	661.0164613	62	N2	10.661555827419354
3	3	654.996404	62	N2	10.564458129032257
4	3	681.6763095	62	N2	10.994779185483871
5	3	477.911165	62	N2	7.708244596774193
6	3	572.5512245	62	N2	9.234697169354838
7	3	670.9634964	62	N2	10.821991877419356
8	3	1273.473184	62	N2	20.53989006451613
9	3	1099.273537	62	N2	17.73021833870968
10	3	1779.630229	62	N2	28.703713370967744
11	3	1566.389844	62	N2	25.264352322580645
12	3	1475.637416	62	N2	23.80060348387097
13	3	1274.294181	62	N2	20.553131951612905
14	3	1278.272346	62	N2	20.617295903225806
15	3	68.022342	62	N2	1.0971345483870967
16	3	141.5899783	62	N2	2.283709327419355
17	3	197.1736003	62	N2	3.1802193596774195
18	3	253.1743215	62	N2	4.083456798387097
1	4	1191.661751	90	N2	13.240686122222224
2	4	1366.469926	90	N2	15.182999177777777
3	4	1368.405555	90	N2	15.204506166666667
4	4	1255.219285	90	N2	13.946880944444443
5	4	1507.121076	90	N2	16.745789733333332
6	4	1735.165676	90	N2	19.279618622222223
7	4	1471.967615	90	N2	16.355195722222224
8	4	1351.031107	90	N2	15.011456744444445
9	4	1332.559863	90	N2	14.806220699999999
10	4	1054.593253	90	N2	11.717702811111112
11	4	1083.556249	90	N2	12.039513877777777
12	4	979.1242963	90	N2	10.879158847777777
13	4	1046.505882	90	N2	11.627843133333332
14	4	1247.638842	90	N2	13.8626538
15	4	310.3735221	90	N2	3.44859469
16	4	367.2219402	90	N2	4.08024378
17	4	442.9886022	90	N2	4.92209558
18	4	458.6484976	90	N2	5.096094417777778
1	5	1166.306108	100	swip20	11.66306108
2	5	1050.755983	100	swip20	10.50755983
3	5	978.455138	100	swip20	9.78455138
4	5	912.6611233	100	swip20	9.126611233
5	5	596.2593569	100	swip20	5.962593568999999
6	5	567.4529881	100	swip20	5.674529881
7	5	1564.784802	100	swip20	15.64784802
8	5	1789.400212	100	swip20	17.89400212
9	5	1373.26128	100	swip20	13.7326128
10	5	1832.28504	100	swip20	18.3228504
11	5	1793.329425	100	swip20	17.93329425
12	5	1290.444062	100	swip20	12.90444062
13	5	433.9217672	100	swip20	4.339217672
14	5	286.6789039	100	swip20	2.8667890390000004
15	5	482.3506122	100	swip20	4.823506122
16	5	455.6968647	100	swip20	4.556968647
17	5	487.625781	100	swip20	4.87625781
18	5	464.3769884	100	swip20	4.643769884
1	6	1126.703509	130	swip20	8.666950069230769
2	6	1225.11678	130	swip20	9.423975230769232
3	6	993.7922177	130	swip20	7.644555520769231
4	6	944.6990006	130	swip20	7.266915389230769
5	6	768.8261532	130	swip20	5.9140473323076925
6	6	1179.869267	130	swip20	9.07591743846154
7	6	1425.804152	130	swip20	10.967724246153846
8	6	1699.401007	130	swip20	13.072315438461539
9	6	1287.562342	130	swip20	9.904325707692307
10	6	1121.024347	130	swip20	8.623264207692309
11	6	1599.382189	130	swip20	12.302939915384615
12	6	1681.698639	130	swip20	12.936143376923077
13	6	1389.204195	130	swip20	10.686186115384615
14	6	1610.757095	130	swip20	12.390439192307692
15	6	397.1677868	130	swip20	3.0551368215384613
16	6	400.2958956	130	swip20	3.079199196923077
17	6	421.4207923	130	swip20	3.2416984023076925
18	6	423.4068199	130	swip20	3.2569755376923077
1	7	332.0876495	34	swip10	9.76728380882353
2	7	228.9470913	34	swip10	6.733737979411765
3	7	255.2972512	34	swip10	7.508742682352941
4	7	169.6592846	34	swip10	4.98997895882353
5	7	166.5914149	34	swip10	4.899747497058823
6	7	116.2067893	34	swip10	3.417846744117647
7	7	167.5041121	34	swip10	4.926591532352941
8	7	15.47726123	34	swip10	0.4552135655882353
9	7	383.8007652	34	swip10	11.2882578
10	7	81.12015335	34	swip10	2.385886863235294
11	7	61.48509655	34	swip10	1.8083851926470589
12	7	141.932152	34	swip10	4.174475058823529
13	7	67.13621054	34	swip10	1.9745944276470586
14	7	84.99516432	34	swip10	2.499857774117647
15	7	106.1945896	34	swip10	3.123370282352941
16	7	140.4946934	34	swip10	4.132196864705882
17	7	124.0877856	34	swip10	3.6496407529411767
18	7	89.14050173	34	swip10	2.6217794626470585
1	8	52.92817234	30	swip10	1.7642724113333335
2	8	61.33180459	30	swip10	2.044393486333333
3	8	206.2951544	30	swip10	6.876505146666667
4	8	269.8068949	30	swip10	8.993563163333333
5	8	130.24246779999999	30	swip10	4.341415593333333
6	8	38.85376438	30	swip10	1.2951254793333333
7	8	99.60933675	30	swip10	3.3203112249999998
8	8	558.7231656	30	swip10	18.62410552
9	8	346.2759091	30	swip10	11.542530303333333
10	8	490.1001134	30	swip10	16.336670446666666
11	8	1523.667985	30	swip10	50.788932833333334
12	8	469.6111437	30	swip10	15.65370479
13	8	155.534238	30	swip10	5.1844746
14	8	110.6624366	30	swip10	3.688747886666667
15	8	41.48695328	30	swip10	1.3828984426666666
16	8	55.11988715	30	swip10	1.8373295716666667
17	8	66.88654808	30	swip10	2.2295516026666666
18	8	69.01895501	30	swip10	2.3006318336666665
1	9	899.274164	85	N2	10.579696047058825
2	9	942.152831	85	N2	11.084150952941176
3	9	1243.03784	85	N2	14.623974588235294
4	9	962.1381152	85	N2	11.319271943529412
5	9	1163.523955	85	N2	13.688517117647057
6	9	981.1162815	85	N2	11.542544488235293
7	9	1195.318736	85	N2	14.062573364705882
8	9	1493.131693	85	N2	17.566255211764705
9	9	1513.64056	85	N2	17.807536
10	9	1709.099503	85	N2	20.107052976470587
11	9	1108.011874	85	N2	13.035433811764706
12	9	1413.6619	85	N2	16.631316470588235
13	9	1248.813887	85	N2	14.691928082352941
14	9	1115.541726	85	N2	13.124020305882352
15	9	153.3363129	85	N2	1.803956622352941
16	9	293.4801686	85	N2	3.452707865882353
17	9	383.0236066	85	N2	4.506160077647059
18	9	407.4729875	85	N2	4.793799852941176
1	11	365.6965947	100	swip20	3.6569659469999998
2	11	982.2385353	100	swip20	9.822385353
3	11	918.1215711	100	swip20	9.181215711
4	11	963.9116133	100	swip20	9.639116133
5	11	876.3656537	100	swip20	8.763656537000001
6	11	860.2045321	100	swip20	8.602045321
7	11	1366.606334	100	swip20	13.666063340000001
8	11	1168.167844	100	swip20	11.68167844
9	11	1196.887004	100	swip20	11.968870039999999
10	11	1264.724062	100	swip20	12.64724062
11	11	1135.388579	100	swip20	11.35388579
12	11	1235.10705	100	swip20	12.3510705
13	11	1248.695784	100	swip20	12.48695784
14	11	1435.825875	100	swip20	14.35825875
15	11	379.3421229	100	swip20	3.793421229
16	11	423.6418968	100	swip20	4.236418968
17	11	459.9552807	100	swip20	4.599552807
18	11	462.6140338	100	swip20	4.626140338
1	12	467.948397	120	swip20	3.899569975
2	12	474.2817333	120	swip20	3.9523477775
3	12	599.9408127	120	swip20	4.9995067725
4	12	354.3571796	120	swip20	2.9529764966666665
5	12	622.287413	120	swip20	5.185728441666667
6	12	531.8436527	120	swip20	4.432030439166667
7	12	1159.613487	120	swip20	9.663445725
8	12	1326.754644	120	swip20	11.056288700000001
9	12	1246.19565	120	swip20	10.384963749999999
10	12	711.3788434	120	swip20	5.928157028333334
11	12	1402.914396	120	swip20	11.690953299999999
12	12	1029.15019	120	swip20	8.576251583333335
13	12	1498.340339	120	swip20	12.486169491666667
14	12	1149.54093	120	swip20	9.57950775
15	12	221.2605143	120	swip20	1.8438376191666668
16	12	262.9072805	120	swip20	2.1908940041666667
17	12	279.6247667	120	swip20	2.330206389166667
18	12	270.4822135	120	swip20	2.254018445833333
1	13	245.4171489	45	swip10	5.45371442
2	13	300.0414979	45	swip10	6.667588842222223
3	13	205.761854	45	swip10	4.572485644444445
4	13	272.797865	45	swip10	6.062174777777778
5	13	331.1615036	45	swip10	7.359144524444445
6	13	44.45379401	45	swip10	0.9878620891111112
7	13	464.1407649	45	swip10	10.314239220000001
8	13	412.0535137	45	swip10	9.156744748888888
9	13	271.0175844	45	swip10	6.022612986666666
10	13	84.05347812	45	swip10	1.8678550693333331
11	13	59.76140172	45	swip10	1.3280311493333334
12	13	46.79200274	45	swip10	1.039822283111111
13	13	277.5135514	45	swip10	6.166967808888889
14	13	80.36171788	45	swip10	1.7858159528888888
15	13	32.90421852	45	swip10	0.731204856
16	13	51.03074967	45	swip10	1.1340166593333334
17	13	65.3493351	45	swip10	1.4522074466666668
18	13	71.10847986	45	swip10	1.5801884413333334
1	14	260.5434872	42	swip10	6.203416361904762
2	14	263.3276946	42	swip10	6.269707014285713
3	14	181.0363654	42	swip10	4.310389652380953
4	14	171.7988133	42	swip10	4.090447935714286
5	14	263.7599027	42	swip10	6.279997683333333
6	14	319.8422729	42	swip10	7.615292211904762
7	14	462.8054458	42	swip10	11.01917728095238
8	14	714.4095044	42	swip10	17.009750104761903
9	14	463.8692272	42	swip10	11.04450540952381
10	14	482.7526739	42	swip10	11.494111283333334
11	14	196.5496415	42	swip10	4.679753369047619
12	14	40.94387297	42	swip10	0.9748541183333334
13	14	99.78100389	42	swip10	2.375738187857143
14	14	98.70951765	42	swip10	2.3502266107142855
15	14	73.91726964	42	swip10	1.7599349914285713
16	14	103.5008997	42	swip10	2.464307135714286
17	14	158.9841892	42	swip10	3.7853378380952383
18	14	157.3879362	42	swip10	3.7473318142857144
1	16	1222.086871	100	N2	12.22086871
2	16	1173.017412	100	N2	11.73017412
3	16	1487.947213	100	N2	14.87947213
4	16	1668.390391	100	N2	16.683903909999998
5	16	1433.295407	100	N2	14.332954070000001
6	16	1502.394486	100	N2	15.023944859999999
7	16	1179.426522	100	N2	11.79426522
8	16	1382.638013	100	N2	13.82638013
9	16	1088.46072	100	N2	10.8846072
10	16	1229.233623	100	N2	12.29233623
11	16	1056.482132	100	N2	10.56482132
12	16	888.5848199	100	N2	8.885848199
13	16	923.0270346	100	N2	9.230270346
14	16	893.8953954	100	N2	8.938953954
15	16	269.6324102	100	N2	2.6963241019999997
16	16	367.9745034	100	N2	3.679745034
17	16	448.7618018	100	N2	4.487618018
18	16	536.0473635	100	N2	5.360473635
1	17	712.1666115	90	swip20	7.912962350000001
2	17	523.3537302	90	swip20	5.815041446666666
3	17	163.3730564	90	swip20	1.8152561822222222
4	17	419.8752622	90	swip20	4.6652806911111115
5	17	871.7554322	90	swip20	9.686171468888888
6	17	463.0452432	90	swip20	5.1449471466666665
7	17	553.8341179	90	swip20	6.153712421111111
8	17	619.3987078	90	swip20	6.882207864444444
9	17	1772.045041	90	swip20	19.689389344444447
10	17	1589.896037	90	swip20	17.66551152222222
11	17	1705.877032	90	swip20	18.954189244444446
12	17	1817.352105	90	swip20	20.192801166666666
13	17	1403.073218	90	swip20	15.589702422222222
14	17	1669.193846	90	swip20	18.546598288888887
15	17	230.1557505	90	swip20	2.557286116666667
16	17	332.5603082	90	swip20	3.6951145355555557
17	17	369.9637545	90	swip20	4.110708383333333
18	17	392.7996468	90	swip20	4.3644405200000005
1	18	724.0114409	95	swip20	7.621173062105264
2	18	484.0782991	95	swip20	5.095561043157894
3	18	421.3045702	95	swip20	4.434784949473684
4	18	376.1667876	95	swip20	3.959650395789474
5	18	371.014111	95	swip20	3.9054116947368422
6	18	408.6872443	95	swip20	4.301970992631579
7	18	629.1294191	95	swip20	6.622414937894736
8	18	1457.244364	95	swip20	15.339414357894736
9	18	1712.164802	95	swip20	18.022787389473685
10	18	1359.116248	95	swip20	14.306486821052632
11	18	1516.788673	95	swip20	15.966196557894737
12	18	1288.75806	95	swip20	13.565874315789472
13	18	1755.751911	95	swip20	18.481599063157894
14	18	1122.162125	95	swip20	11.812232894736843
15	18	296.7370589	95	swip20	3.123547988421053
16	18	285.1001163	95	swip20	3.001053855789474
17	18	307.2146659	95	swip20	3.2338385884210528
18	18	315.0428069	95	swip20	3.316240072631579
1	19	52.06362741	25	swip10	2.0825450964
2	19	76.18255004	25	swip10	3.0473020016
3	19	131.0496222	25	swip10	5.241984887999999
4	19	49.05635996	25	swip10	1.9622543984
5	19	191.4235576	25	swip10	7.656942304
6	19	19.26191995	25	swip10	0.770476798
7	19	111.4013106	25	swip10	4.456052424
8	19	403.4609879	25	swip10	16.138439516000002
9	19	437.4866773	25	swip10	17.499467092
10	19	-24.41223971	25	swip10	-0.9764895884000001
11	19	134.8918292	25	swip10	5.395673167999999
12	19	49.93275291	25	swip10	1.9973101164
13	19	130.352713	25	swip10	5.21410852
14	19	122.6163338	25	swip10	4.904653352
15	19	8.246400038	25	swip10	0.32985600152000005
16	19	32.24921976	25	swip10	1.2899687904000001
17	19	50.46688435	25	swip10	2.018675374
18	19	70.32821659	25	swip10	2.8131286635999997
1	20	268.2216208	35	swip10	7.66347488
2	20	264.3997142	35	swip10	7.554277548571429
3	20	104.3642786	35	swip10	2.9818365314285717
4	20	141.3413701	35	swip10	4.03832486
5	20	133.5017028	35	swip10	3.8143343657142856
6	20	218.3155419	35	swip10	6.237586911428571
7	20	278.5838119	35	swip10	7.959537482857143
8	20	434.203955	35	swip10	12.405827285714286
9	20	554.3085799	35	swip10	15.837387997142859
10	20	462.4637745	35	swip10	13.2132507
11	20	126.9521953	35	swip10	3.62720558
12	20	234.4846643	35	swip10	6.6995618371428565
13	20	219.774474	35	swip10	6.279270685714286
14	20	299.6920537	35	swip10	8.562630105714286
15	20	151.8985968	35	swip10	4.339959908571429
16	20	151.3044798	35	swip10	4.322985137142857
17	20	150.7626998	35	swip10	4.307505708571429
18	20	140.3276545	35	swip10	4.009361557142857
1	21	968.4851561	120	N2	8.070709634166667
2	21	1531.065989	120	N2	12.758883241666666
3	21	1177.660426	120	N2	9.813836883333332
4	21	1818.327959	120	N2	15.152732991666666
5	21	1140.655677	120	N2	9.505463975
6	21	1090.976437	120	N2	9.091470308333333
7	21	1360.441372	120	N2	11.337011433333334
8	21	1056.899763	120	N2	8.807498025
9	21	1300.718216	120	N2	10.839318466666667
10	21	1206.424556	120	N2	10.053537966666665
11	21	1057.516247	120	N2	8.812635391666667
12	21	1755.659223	120	N2	14.630493525
13	21	1340.565035	120	N2	11.171375291666667
14	21	1552.468808	120	N2	12.937240066666668
15	21	415.9822288	120	N2	3.466518573333333
16	21	469.2003369	120	N2	3.9100028075
17	21	551.7070622	120	N2	4.597558851666666
18	21	610.5563894	120	N2	5.087969911666666
1	22	1011.067667	110	N2	9.191524245454545
2	22	1208.69041	110	N2	10.988094636363636
3	22	1327.573076	110	N2	12.068846145454545
4	22	1259.850321	110	N2	11.453184736363635
5	22	745.914724	110	N2	6.781042945454545
6	22	764.6721436	110	N2	6.951564941818182
7	22	1592.343414	110	N2	14.475849218181818
8	22	1531.2261	110	N2	13.920237272727274
9	22	1598.187988	110	N2	14.528981709090909
10	22	1288.79716	110	N2	11.716337818181819
11	22	1287.544761	110	N2	11.704952372727274
12	22	1150.143681	110	N2	10.455851645454546
13	22	1119.966613	110	N2	10.181514663636364
14	22	992.7710045	110	N2	9.02519095
15	22	148.6832903	110	N2	1.3516662754545457
16	22	259.4276069	110	N2	2.35843279
17	22	326.1288344	110	N2	2.9648075854545457
18	22	337.7351081	110	N2	3.0703191645454546
1	23	361.0014871	100	swip20	3.610014871
2	23	572.6326994	100	swip20	5.726326994
3	23	659.7044103	100	swip20	6.597044102999999
4	23	645.9118939	100	swip20	6.459118939
5	23	501.896495	100	swip20	5.01896495
6	23	258.9663947	100	swip20	2.589663947
7	23	1043.994153	100	swip20	10.43994153
8	23	881.0367373	100	swip20	8.810367373
9	23	620.9051084	100	swip20	6.209051084
10	23	1406.014227	100	swip20	14.060142269999998
11	23	1038.034013	100	swip20	10.38034013
12	23	800.1747582	100	swip20	8.001747582
13	23	1354.453174	100	swip20	13.54453174
14	23	417.2741	100	swip20	4.172740999999999
15	23	137.9671847	100	swip20	1.379671847
16	23	198.0774961	100	swip20	1.9807749609999998
17	23	227.9299898	100	swip20	2.2792998979999997
18	23	246.8415918	100	swip20	2.468415918
